---------------------------------------------------------
elapsed-time:	28
mutate-time:	356
simulate-time:	708
check-time:	473
validate-time:	26964

validate-count:	4604
correct-count:	4604

iterations:	60000
iterations/s:	2142.8571428571427
best-cost:	4
best-correct-cost:	4
best-correct-time:	1

Mutate	Proposed		Accepted		Accepted/Proposed
opcode	0.09090151502525042	0.0584176402940049	0.6426475980931426
operand	0.24622077034617243	0.07593459890998183	0.3084004602991945
swap	0.3370389506491775	0.19245320755345924	0.5710117693601029
inst	0.13038550642510707	0.04691744862414374	0.3598363799054071
nop	0.19545325755429258	0.03496724945415757	0.1789033853500469

accept-count:	24521
accept-higher-count:	73
